{
  "advancedEditorSelectedIdentifier" : "ProjectBrowser",
  "openSceneRelativePaths" : [
    "Immersive.usda",
    "Scene.usda"
  ],
  "recentIdentifiers" : {
    "D66134B1-3681-4A8E-AFE5-29F257229F3B" : [

    ]
  },
  "sceneCameraHistory" : {
    "AF09ED6F-1707-48FD-8720-65B998362C09" : [
      {
        "date" : 736206181.074353,
        "title" : "Untitled",
        "transform" : [
          1,
          0,
          -0,
          0,
          -0,
          0.8749168,
          -0.48427337,
          0,
          0,
          0.48427337,
          0.8749168,
          0,
          5.722045e-06,
          1147.902,
          1984.9069,
          1
        ]
      },
      {
        "date" : 736206179.459921,
        "title" : "Untitled",
        "transform" : [
          0.99999994,
          0,
          -0,
          0,
          -0,
          0.86602443,
          -0.50000155,
          0,
          0,
          0.50000155,
          0.86602443,
          0,
          0,
          3.792562,
          6.5689106,
          1
        ]
      }
    ],
    "D66134B1-3681-4A8E-AFE5-29F257229F3B" : [
      {
        "date" : 736216410.345331,
        "title" : "Untitled",
        "transform" : [
          0.6182263,
          -6.3432064e-09,
          -0.7860001,
          0,
          -0.0758532,
          0.9953324,
          -0.059662145,
          0,
          0.7823314,
          0.09650534,
          0.6153407,
          0,
          0.2890887,
          0.016130567,
          0.2775855,
          1
        ]
      },
      {
        "date" : 736216407.507872,
        "title" : "Untitled",
        "transform" : [
          0.6182263,
          -6.3432064e-09,
          -0.7860001,
          0,
          -0.0758532,
          0.9953324,
          -0.059662145,
          0,
          0.7823314,
          0.09650534,
          0.6153407,
          0,
          0.3220353,
          -0.0021575093,
          0.23856592,
          1
        ]
      },
      {
        "date" : 736216401.393007,
        "title" : "Untitled",
        "transform" : [
          0.61822623,
          -7.590631e-09,
          -0.78600013,
          0,
          -0.075853236,
          0.9953324,
          -0.0596621,
          0,
          0.7823315,
          0.0965054,
          0.6153406,
          0,
          -4.652336,
          0.7584679,
          3.3794107,
          1
        ]
      },
      {
        "date" : 736216151.66698,
        "title" : "Untitled",
        "transform" : [
          0.6182263,
          -7.590632e-09,
          -0.78600025,
          0,
          -0.075853236,
          0.9953324,
          -0.0596621,
          0,
          0.7823315,
          0.0965054,
          0.6153406,
          0,
          -1.6520901,
          0.0806191,
          0.5498234,
          1
        ]
      },
      {
        "date" : 736216150.201798,
        "title" : "Untitled",
        "transform" : [
          0.89634913,
          -7.590632e-09,
          -0.443349,
          0,
          -0.042785574,
          0.9953324,
          -0.08650245,
          0,
          0.44127968,
          0.0965054,
          0.89216524,
          0,
          -0.5160664,
          0.0806191,
          -0.59875786,
          1
        ]
      },
      {
        "date" : 736216145.656084,
        "title" : "Untitled",
        "transform" : [
          0.89634913,
          -7.590632e-09,
          -0.443349,
          0,
          -0.042785574,
          0.9953324,
          -0.08650245,
          0,
          0.44127968,
          0.0965054,
          0.89216524,
          0,
          0.06779596,
          0.017310932,
          0.319043,
          1
        ]
      },
      {
        "date" : 736216143.910829,
        "title" : "Untitled",
        "transform" : [
          0.89634913,
          -7.590632e-09,
          -0.443349,
          0,
          -0.042785574,
          0.9953324,
          -0.08650245,
          0,
          0.44127968,
          0.0965054,
          0.89216524,
          0,
          0.0038084984,
          -0.062008522,
          0.3501364,
          1
        ]
      },
      {
        "date" : 736216125.667168,
        "title" : "Untitled",
        "transform" : [
          0.89634913,
          -7.590632e-09,
          -0.443349,
          0,
          -0.042785574,
          0.9953324,
          -0.08650245,
          0,
          0.44127968,
          0.0965054,
          0.89216524,
          0,
          0.2924283,
          0.13969155,
          0.63009614,
          1
        ]
      },
      {
        "date" : 736216113.81636,
        "title" : "Untitled",
        "transform" : [
          0.36432457,
          -3.8149155e-09,
          -0.931272,
          0,
          0.09992691,
          0.9942265,
          0.039092626,
          0,
          0.92589545,
          -0.107301466,
          0.36222115,
          0,
          0.68663156,
          -0.10802516,
          0.20550562,
          1
        ]
      },
      {
        "date" : 736216110.839783,
        "title" : "Untitled",
        "transform" : [
          0.36240545,
          -3.8149155e-09,
          -0.9320205,
          0,
          0.10000723,
          0.9942265,
          0.0388867,
          0,
          0.9266396,
          -0.107301466,
          0.36031312,
          0,
          0.42568433,
          0.0017478876,
          0.06574419,
          1
        ]
      }
    ]
  },
  "selectedSceneRelativePath" : "Scene.usda"
}